# Cibles d'espionnage galaxie 2 (G S P)
2 193 7
2 301 8
2 190 9
2 380 15
2 381 8
2 71 1
2 132 6
2 135 6
2 332 14
2 332 15
2 333 4
2 333 8
2 333 12
2 334 1
2 334 7
2 334 15
2 335 4
2 335 8
2 335 12
2 336 14
2 336 15
2 221 14
2 222 13
2 222 14
2 223 11
2 223 12
2 223 13
2 224 4
2 224 8
2 225 3
2 225 4
2 226 3
2 227 9
2 227 10
2 135 9
2 236 8
2 237 1
2 237 10
2 237 11
2 29 5
2 29 7
2 29 9
2 30 4
2 30 6
2 30 8
2 31 5
2 31 7
2 31 9
2 192 5
2 192 7
2 192 8
2 193 8
2 193 9
2 194 3
2 194 5
2 194 6
2 195 6
2 195 7
2 197 5
2 197 6
2 197 7
